247305531696
367695147442
045495539373
867435312484
969500715109
486879616825
297341612420
335830181077
012962078510
270388825201
528319538217
105928062784
389160747699
838851536996
263886780119
076497094008
787772898329
884851475405
924402713095
395734968706
671464111033
678981750511
762954051417
843222696567
688686920758
425478183078
848404952213
902589828460
645623371015
456995504589
943752142573
179331301420
599408840122
513433301535
044714373981
866487786645
184733578667
979729946084
497068939716
389446115031
537760651642
515179903058
120683524663
705616559675
228519247476
914866529004
660983361722
859189215394
731853057578
409866645346
673674505511
485767515983
840128877637
621204048133
047900442823
950820292897
483844607863
024430984364
498634950608
974920302707
534579387321
971947276643
083907079335
284356850780
045954102991
878064721856
723485616021
625895782224
981769608435
933619505976
570728717134
158498019649
911044096712
065239317427
741285132944
221655086129
611378033998
407675700156
117257245176
661381239175
828206460139
674539500865
192031353450
200397429767
203502229994
061277370397
416545263724
068246719586
029934331210
512784834520
208937317450
318437109612
261292262140
278730032460
929390972993
276682277768
255910507777
112426575476
119233887007
023398513366
194988897898
980001346897
945199927942
587795951803
142211000329
328992299184
132312963241
096362659615
891805273831
939671306330
508784849868
373658691907
692998198942
699460296941
541142049224
411810041140
475058312719
416434485984
772673290121
732165477233
037120072720
069537449479
705817618244
200668434324
398775856841
510948720069
177383696470
050918884658
344959100226
686262583981
467476924444
188406871380
287268646117
382293123865
909755296841
783802601671
690432823427
164561456434
504472228906
686976564482
920188842761
862934646304
390629090663
606657994497
888105951498
829314419496
346333676572
715953200009
168504880102
130316214979
190743351043
328119658117
381667808025
590084945831
237330417338
546267844044
380941072042
949816505251
524359612571
734371424384
039924662774
560651711347
129524076460
801714141613
007777623110
553081203639
091584857030
754269509018
833447849367
021412238696
099421280657
975112279809
399677019916
549795319202
564829854515
271846858103
468501738158
063942134517
288377530755
777371496624
837925306963
466923199304
169889999493
940827015238
155351608808
856352243040
529064476737
382927810203
273139446897
367679132411
899587019295
910882033327
727722385375
040854250576
491956499964
542785953703
594447969409
565115618583
587608416059
998330956366
820512274685
952366420260
835219258700
022827001195
998173776308
283471978453
678085992822
662377769213
773310928091
383109561065
021699138185
830204189597
031041201147
206930556734
217323838160
565110576381
498348571349
850257840959
033961760141
387251580186
257926826579
357989517603
128433523278
371443681235
627661513821
085822396404
792910887411
136632313724
341077592745
166786974344
445796039771
849154614795
287174263348
710596693685
077096446957
690190456881
548791149558
656737852635
470014025613
887076073243
756350446954
862576515020
754208843298
696902754588
687942504028
779167758825
967803464266
351107350155
019671166520
402232026785
002016412682
422016690347
995090212815
836527497780
370772758330
431343043278
654286147309
787167345910
432199692082
053593507714
816874302556
807254625232
907873189004
182156565612
826657219004
944160437557
166172412388
233150715956
726507608356
463814856470
064707874858
682721642692
666504543290
791434781969
922964649779
723598512909
370309902963
983319840888
266105346643
622901702270
047514118702
895263291703
586115503257
502801639747
798015720215
225717314457
817825747114
094308217873
139187406112
161587049238
170312419243
235644842311
931213927229
606150293416
222350613173
246411370150
804006128423
763884175795
949355107648
504754415198
052114727784
242635716124
796860369435
603674974262
809020603377
163666639366
294966027586
008866870809
615841178838
777504459498
237010222750
073234116766
721468334347
428649691159
306412085800
688984351008
887115855143
769911994561
392203668051
466307543744
735450265767
008577149957
881006375519
601870495968
973203912363
369876116530
107326366048
840520274689
267461447202
634142382941
345507877673
866225544214
346591735401
951669606246
268594820971
707636281405
668667136120
877965628438
212450861740
364163317044
406848088893
134434287808
782993425276
305101654414
120872423248
908755927314
515315652464
820776098061
069327355068
316275097594
742922475587
441481638177
697132129607
909148069486
101088274845
852322572171
580792008847
528916149273
434130807243
239185609102
588385697045
458307938451
237520088341
682410554986
718977410963
838240473237
005570985680
304185289590
591019912274
304663850165
367516333825
435052530774
261020188701
316236348407
341815607591
651621887099
126075472208
549088090168
986730935648
596083782380
008594384244
067415500056
286103039583
636315653218
500045830060
125770609426
749927014626
108974442911
118256459088
821712920657
901597918637
011393689930
041379426002
118191317201
853972247905
000893384476
083204415148
172947136469
304965861215
905291850438
994406061480
276671845363
278374477883
133518481128
039536418914
318215826859
718347858873
006977691922
077655621556
054149325811
523285815600
307570035855
648026898422
172022252634
343171276315
416778010997
697178791298
082869261991
133658443227
081538007732
925327963601
760478261661
205486637548
654921977143
014154912035
445812196761
856924982212
155246295743
133780271812
306878089382
077747057342
970304339915
717417466274
741219705453
649906702798
578207437758
818428446242
599104657750
749930442195
673582669321
863471050065
650942138502
860165625375
801333194784
591535408399
850126538746
582027216983
941096662917
658192819042
750035018966
737159241790
231137045175
606175703220
781437355772
253327630729
300806018408
720608230959
867667031352
523709191120
411313907811
380701045720
222944874834
051242908869
920440277649
661176053226
400644790730
865150354324
645072098995
828105338988
453724032362
766451227279
918141688754
109538759537
591650147283
286353588543
771262534797
514738656656
893088663753
115697315049
330972910194
861495911691
174585788966
895687591244
311585093971
519019612176
678590201598
685981949220
236973891736
634972386883
118552398815
239258443657
290861888070
822181916091
216007842637
351348743768
770603023777
516579419762
694119374783
720799455680
257898976259
