285368340984
961022326587
837734583442
935007420353
970802284912
371951036269
868564157178
969266522689
727989818484
646367237227
132731200485
218507774118
205132882801
270453766438
809311240227
850005619694
564289137984
634341927604
724338132896
389071130298
941783451897
700693530979
831609786044
027149880508
794460998715
454654406068
170336965488
624259500512
107177978120
312420181127
567603413905
920136039931
897184314982
830588983782
330393946671
936067751478
920168389165
620313058548
880682265903
600576280497
511603454859
611793227050
011915690312
407391797527
195358387585
403094049190
097675628151
649925415100
710353242587
685372825775
088084850955
588217928158
882937924321
764201673782
647246937826
642395819761
112691081111
988648848152
128649805960
232056200726
993821522500
438780894882
084952957046
210574092376
703945346693
500914586451
009272581330
875778201810
261711517793
265221285017
503018529729
222078689872
555324022089
944316357278
655119567859
534894060209
090993464513
112911278376
393161140436
506962892463
915762170414
851786056203
372989946580
468242592819
404104710016
515748325872
550648881015
418621777613
205869438485
518471346086
698219867466
354863393425
939891616190
995522017593
187900205275
848600822148
949816049436
805712764358
544846947523
983987723300
336467255908
929980201758
500288076137
487429791282
542064648748
798501869391
481947722355
645848586396
977145582061
519922723717
089697991803
429966283591
792007323921
019436883037
876026605656
951364608184
294469098948
170921203128
418768865327
718640210433
368390134543
501570280834
224901572527
542311552939
441768128752
677474636683
694841917191
404583924695
207897152834
479095547772
503783437297
230863073424
008606466087
808516558042
682454110056
846976681175
841980758810
155088080934
250680329155
188739094467
699685153159
292541769081
657512874876
762409075943
163470515481
035415738795
724510978645
278118217728
383992179140
367282402854
040992064088
561193797208
693243644171
177227220224
876068485065
556265753479
838521213783
686102375701
565308816362
941906321803
429633543948
923124485685
119219034293
571104978435
931175774231
221239692196
741271751370
583055648095
969061713749
853928891971
764212773531
621082333913
789866977546
851615853716
783182526360
751841215116
780231687556
924323644538
737982618306
754791424554
398659905242
188190048238
005712776455
809633411476
402777402834
920541886382
365780267917
549585382609
173701081623
262126786462
688915193967
057425226503
555469883535
194673359641
874895547189
785525707649
794846219133
622564924496
258739467315
790763148547
928546622653
730599146124
791081802716
702669745827
985736466210
998965966296
198878333846
664761903487
989947714021
868244928670
857585368110
336692185222
031283255362
449887718238
226619987083
051097695196
315572230788
437408792700
393235130502
428915449506
753926753285
057143786424
519821544948
391078933597
291962467823
513510240660
366591476877
608125739758
670299292108
620914996366
116279428281
225800226592
400095919747
867245116353
317959612852
438706674224
119841321303
849370560961
502396372216
848417347475
483809919357
401433769595
199549354986
899447431971
270505194395
261980517856
709447372251
211708196999
385941680256
439746731678
377555864239
573590286831
698126369691
871734892046
004612784401
389049020126
404444396211
730696509836
988116432204
523780708611
211943981910
950409117611
007464449451
516971204807
840617195751
135986522742
713527878922
860917991099
182314956691
453134288863
989214299395
968144682201
624650468395
865689916315
387704321605
881377030418
247389356558
680779351831
640295512539
486077761165
757269501759
340002957738
510323378551
338185783694
678746830234
369413886805
397949543549
898747517873
247789215407
852878328251
450463978031
733128241223
588974416685
166710531415
490034302389
940722428188
885359292775
576032322824
088935922244
731448352019
874341934202
780597268754
226669425318
883393953913
969744025971
136235617989
447091177612
189753391850
899450137627
452967133736
841572079224
606223757522
397147688883
360908284984
348510404833
805411325535
418151806322
093670427982
314527877455
337421450429
806850178350
138061766482
898388835905
681803645909
526071531067
197732758294
900218706071
113962842080
652060552204
268126697790
918143075850
992400968493
693278024822
417408521620
810491655493
319634006442
948763796841
623499113991
198924663170
691572094943
630410218898
294118370426
397861757818
726533952233
418673645317
146015868290
121439825122
607164983544
860917223806
927137286365
072708643198
008213303187
097930839401
956232268733
023520702194
909641709069
573338640323
507960866571
019717764933
997192854928
514044172959
185272844867
136667728641
234680372070
560484874531
755365306188
371840512014
751279777792
255322850664
906733962987
938093842361
444196907371
710445699496
330716327861
508144738740
707231018896
956881862010
526629221769
325221561928
935436047419
982403279593
663735503608
082574649300
786761570701
878014326087
173344079661
134052663338
084668366358
651186640196
269189929110
005366857578
462594860756
995853649580
516969152466
940580238954
635736448017
843769320693
664764187806
905228572572
046215048663
246682839411
247289919367
667752825309
148718934627
667584875640
616416075348
781591899709
263143140003
823401081282
087713690804
444917600485
293024799124
254716811203
024610815657
821724957851
479339735045
769455875040
213358879426
343037403255
190273994228
238792960358
546368380666
611447146733
297559264388
270362882291
659331496961
264677462076
032413206881
962259433129
538468041604
291909591810
764564792086
048746171645
981310152328
446736588167
649515351301
628189704413
542099008468
700418951054
650272805931
119492197190
242361232271
763826767621
758197524465
514531812277
815565677918
246668486215
049745464772
996943407391
404582367729
020381634264
574624658284
308258997707
710295045030
306514222721
000194729569
053429059029
302818180255
033141682613
212655317935
692865607429
608537489427
733032637206
664089248246
360884887779
914106094744
954419215361
718885003449
503869998831
115491037314
212921843131
717614871396
231436634470
780309890477
127472696093
665784309034
326672037524
958585569409
620297215109
837091835150
233041198931
845643589634
188876837393
514228319796
760201817733
186958702675
472106791097
883204267183
164472476149
273192160100
975100739849
628209996157
759281923673
749090497837
912041530748
353782395729
375043862177
219119723951
439192021743
877417635299
